000584
000026
001265
001328
000845
001114
000457
000953
001205
000474
000565
000317
000969
001089
000550
000492
000212
000020
000789
001135
000065
000326
001342
000332
000954
000459
001146
000936
000859
000694
001115
001016
000567
000488
001343
001172
000466
000513
000102
001333
000626
000938
000142
000519
000775
000778
000117
001363
000624
000987
001166
000992
000013
000493
000842
001254
000046
000203
000517
000746
001204
000922
000529
000689
001334
001391
001097
000995
000309
000416
000017
001022
000397
001217
001206
000266
000215
000127
000651
000024
000447
001072
001413
000785
001129
000427
000534
000867
000260
000242
001024
000121
000884
000092
001123
000339
001268
000539
000883
000188
000103
001173
000750
000552
000225
000325
000286
000612
001374
000708
000146
001183
001287
000640
000812
001179
001303
000963
000157
000145
000589
001415
000061
000777
001377
000841
001023
001038
000133
000816
000460
000322
000839
000050
000438
000233
000130
000006
001255
001110
001181
000316
001198
000549
001081
001187
001210
000365
000428
001157
000384
000183
000155
001244
001292
000886
000849
000054
000444
001367
000174
000586
000837
000498
001014
000393
000021
000869
001275
001386
001274
000508
000678
001264
001370
000040
000211
000295
001360
001073
001201
000614
000189
000820
000847
000344
000800
000870
000984
000738
001189
000956
000019
000158
000395
000307
001134
001394
000227
000143
001387
001000
000780
000216
000361
001207
001147
001164
001099
001236
001067
000647
000463
000049
000599
000192
001190
000207
000018
000639
000052
000228
000693
000645
001087
001103
000604
000338
001154
001086
000270
000028
001240
001364
000542
001381
000455
000275
000039
000854
000974
001395
000465
000585
001396
000875
000034
001130
001167
000232
001319
001327
000630
001397
001304
001037
000749
000195
000865
001346
000197
001061
000923
001405
000187
001088
001122
001203
000139
000271
001106
000131
000524
000522
001197
000759
001237
000857
000148
000057
000186
000503
001404
000247
001351
000843
001312
001211
000010
001273
000038
000563
000835
000303
000364
001193
000740
000798
001142
001155
001161
000315
000784
000355
000515
000184
001246
001010
000824
001345
000697
001249
000613
001058
000930
001291
000180
000179
001158
000434
001184
001341
000844
000998
000437
000578
000398
000222
000154
001318
000782
000175
000977
001388
000235
000783
001144
001076
000333
000350
001361
000499
000153
000219
000241
000544
001075
000296
000516
001309
001218
001356
001224
000056
000160
000819
000502
001242
001227
000957
001105
001359
000263
000825
000003
001199
001271
000108
000799
001308
001209
000478
001400
001044
000637
000320
001288
000547
000621
001069
000140
000880
000280
000587
000781
000856
000464
001066
000848
001311
000281
001057
001243
000861
000390
000832
000511
001350
000929
000449
000310
000967
000802
000811
001251
000337
000467
000475
000269
001385
001280
000588
000436
000632
000822
001407
001414
001034
000426
000703
000794
000029
001266
000829
001225
000742
000704
000866
000747
001032
000113
000292
000889
001078
000194
000655
000037
000682
000206
000838
000971
001323
001314
000608
000955
001163
000123
000714
000290
000965
001116
000743
000878
000574
001153
000701
001109
001332
000245
000487
001031
001126
000495
000994
001315
000826
000786
001233
000947
000868
000126
001041
000507
000628
001196
001012
000238
000165
000042
001296
000276
000469
000345
000520
000485
000766
000831
000650
000069
000016
000617
000470
000223
000991
000259
001028
001139
000423
000940
000352
001295
000566
001054
000323
001272
000239
000196
000951
000501
000919
000725
001301
001305
000244
000036
001006
000636
001399
000119
001160
000722
001007
000291
000015
000388
000774
000479
000202
001080
000022
000830
001071
000712
001384
000871
001230
000226
001248
000908
000638
001369
000591
001108
000970
000302
000023
000573
000330
001228
000477
001042
000431
000997
000161
001128
000115
000404
000581
000152
001325
001382
001113
